m1=450;
m2=60;
k1=5600;
k2=145;
b=295;
