m1=465;
m2=50;
k1=5700;
k2=135;
b=290;
