m1=465;
m2=50;
k1=5700;
k2=135000;
b=290;
